./bfon fake
./bfmi fake
./bfdi fake
./rkbkt fake
./itvvec fake

./bfdi movielens-27m
./rkbkt movielens-27m
./itvvec movielens-27m

./bfdi movielens-small
./rkbkt movielens-small
./bfmi movielens-small

cmake -DCMAKE_BUILD_TYPE=Release ..


clustering solution:
0 0 0 2 20 7663 110 38 0 974 8554 0 0 26 2112 89 160 16301 7 964 5 0 0 12452 255 30 46387 112 541 28 103 135 2633 9370 923 19 19429 71 1 10898 18 17911 130 221 361 202 0 0 233 4210 0 64 0 16 3109 3083 155 0 149 2114 4681 4881 0 15161 0 37 0 70 0 0 1 34 0 4452 0 100 23103 0 20 3 323 0 2062 0 678 3394 0 0 4 1127 0 0 0 0 0 0 303 0 51 0 0 0 11 1 7 0 0 0 1718 2 0 698 0 0 0 168 0 0 12 0 0 902 0 21409 0 0 23 0 0 2 0 0 3 0 0 0 0 0 1 7 0 0 0 0 0 2 0 0 0 6 0 63 0 0 0 1 9282 0 1 23 0 0 0 3 0 0 3 0 0 18 0 0 0 0 0 131 0 0 0 11871 0 17 0 0 0 0 0 0 0 0 0 0 0 254 0 0 0 0 0 0 0 0 0 0 0 1 0 0 0 0 0 0 0 0 0 0 0 0 0 27 0 0 0 0 0 0 0 0 0 0 0 0 0 0 0 540 0 0 3148 0 0 0 0 0 0 0 0 0 0 0 0 0 0 0 0 0

compresstion ratio:
0.182 0.242 0.277 0.267 0.267 0.271 0.326 0.363 0.380 0.393 0.414 0.443 0.461 0.475 0.493 0.514 0.534 0.552 0.552 0.558 0.568 0.577 0.583 0.582 0.590 0.597 0.612 0.623 0.631 0.632 0.634 0.646 0.641 0.651 0.658 0.673 0.664 0.672 0.665 0.673 0.675 0.682 0.689 0.690 0.689 0.690 0.695 0.702 0.709 0.704 0.721 0.721 0.721 0.711 0.723 0.726 0.725 0.734 0.729 0.742 0.729 0.744 0.754 0.741 0.759 0.758 0.750 0.753 0.755 0.748 0.760 0.757 0.752 0.764 0.773 0.771 0.766 0.766 0.764 0.768 0.769 0.770 0.779 0.777 0.783 0.777 0.776 0.777 0.784 0.789 0.784 0.790 0.784 0.786 0.786 0.791 0.797 0.783 0.790 0.787 0.790 0.790 0.795 0.789 0.787 0.796 0.803 0.801 0.794 0.802 0.804 0.809 0.813 0.805 0.806 0.808 0.820 0.810 0.806 0.811 0.806 0.805 0.810 0.814 0.815 0.815 0.811 0.814 0.806 0.813 0.817 0.817 0.815 0.819 0.819 0.812 0.821 0.832 0.819 0.815 0.830 0.824 0.828 0.829 0.815 0.831 0.825 0.829 0.823 0.820 0.835 0.827 0.831 0.830 0.832 0.828 0.818 0.836 0.831 0.837 0.838 0.840 0.840 0.835 0.835 0.839 0.834 0.829 0.833 0.839 0.830 0.834 0.838 0.830 0.835 0.837 0.836 0.833 0.834 0.839 0.839 0.839 0.840 0.837 0.837 0.844 0.838 0.827 0.830 0.834 0.831 0.841 0.835 0.837 0.839 0.832 0.840 0.842 0.844 0.843 0.839 0.834 0.837 0.841 0.830 0.833 0.843 0.841 0.847 0.847 0.846 0.842 0.841 0.838 0.836 0.840 0.840 0.833 0.845 0.849 0.843 0.847 0.844 0.851 0.851 0.843 0.851 0.846 0.839 0.844 0.837 0.837 0.836 0.848 0.854 0.853 0.845 0.843 0.849 0.840 0.844 0.848 0.845 0.845 0.843 0.837 0.852 0.851 0.844 0.851 0.853 0.840 0.845 0.849 0.845 0.852 0.853 0.840 0.855 0.850 0.843 0.853 0.844 0.849 0.843 0.849 0.850 0.852 0.848 0.852 0.859 0.862 0.850 0.841 0.849 0.846 0.852 0.852 0.839 0.841 0.844 0.844 0.846 0.852 0.853 0.854 0.852 0.850 0.848 0.847 0.852 0.858 0.850 0.855 0.848 0.853 0.844 0.841 0.848 0.843 0.853 0.848 0.856 0.844 0.848 0.849 0.851 0.858 0.858 0.852 0.848 0.848 0.848 0.843 0.846 0.849 0.857 0.852 0.849 0.831 0.850 0.851 0.850 0.850 0.850 0.847 0.851 0.852 0.857 0.846 0.853 0.847 0.849 0.848 0.845 0.853 0.848 0.850 0.858 0.861 0.857 0.852 0.844 0.839 0.850 0.843 0.847 0.850 0.856 0.853 0.855 0.848 0.847 0.844 0.854 0.845 0.850 0.847 0.847 0.845 0.852 0.849 0.848 0.850 0.857 0.846 0.848 0.852 0.848 0.840 0.845 0.834 0.836 0.847 0.836 0.848 0.841 0.840 0.842 0.838 0.842 0.845 0.841 0.840 0.851 0.837 0.850 0.843 0.838 0.843 0.841 0.835 0.842 0.843 0.837 0.839 0.836 0.853 0.830 0.837 0.827 0.842 0.832 0.838 0.837 0.835 0.841 0.840 0.831 0.844 0.833 0.828 0.839 0.843 0.834 0.842 0.844 0.832 0.845 0.850 0.836 0.845 0.836 0.838 0.840 0.844 0.843 0.832 0.830 0.821 0.820 0.834 0.831 0.835 0.835 0.838 0.838 0.839 0.837 0.823 0.819 0.833 0.826 0.831 0.830 0.833 0.835 0.834 0.832 0.840 0.836 0.837 0.835 0.837 0.842 0.827 0.826 0.832 0.840 0.830 0.840 0.849 0.838 0.826 0.830 0.830 0.830 0.836 0.825 0.820 0.829 0.830 0.826 0.828 0.823 0.828 0.831 0.825 0.833 0.826 0.831 0.831 0.823 0.822 0.824 0.823 0.826 0.822 0.820 0.813 0.827 0.821 0.827 0.829 0.823 0.823 0.819 0.828 0.828 0.818 0.822 0.822 0.825 0.821 0.820 0.824 0.817 0.814 0.812 0.821 0.817 0.817 0.818 0.826 0.819 0.815 0.812 0.815 0.816 0.818 0.810 0.802 0.810 0.803 0.810 0.810 0.796 0.801 0.800 0.810 0.809 0.819 0.811 0.809 0.821 0.806 0.806 0.797 0.802 0.807 0.805 0.800 0.810 0.805 0.801 0.800 0.806 0.796 0.803 0.798 0.805 0.794 0.800 0.795 0.797 0.789 0.793 0.783 0.793 0.793 0.783 0.780 0.781 0.790 0.789 0.788 0.797 0.798 0.796 0.789 0.794 0.779 0.788 0.793 0.790 0.792 0.789 0.795 0.785 0.795 0.788 0.778 0.778 0.781 0.788 0.794 0.784 0.790 0.782 0.773 0.786 0.764 0.769 0.773 0.778 0.774 0.766 0.774 0.773 0.779 0.778 0.780 0.776 0.774 0.776 0.767 0.779 0.770 0.758 0.760 0.761 0.765 0.769 0.771 0.770 0.771 0.770 0.761 0.769 0.771 0.756 0.754 0.760 0.754 0.757 0.755 0.757 0.755 0.751 0.738 0.735 0.738 0.753 0.734 0.747 0.747 0.744 0.752 0.746 0.738 0.735 0.732 0.731 0.726 0.736 0.736 0.739 0.739 0.728 0.724 0.736 0.721 0.726 0.718 0.719 0.712 0.707 0.710 0.711 0.710 0.704 0.712 0.710 0.697 0.710 0.703 0.698 0.699 0.694 0.682 0.694 0.692 0.686 0.690 0.684 0.679 0.684 0.683 0.675 0.675 0.687 0.678 0.688 0.680 0.680 0.677 0.677 0.663 0.667 0.667 0.665 0.661 0.664 0.663 0.653 0.650 0.648 0.635 0.643 0.641 0.634 0.633 0.637 0.621 0.627 0.621 0.620 0.610 0.625 0.617 0.619 0.609 0.609 0.623 0.613 0.610 0.597 0.595 0.591 0.586 0.572 0.577 0.570 0.564 0.557 0.547 0.561 0.546 0.554 0.539 0.548 0.539 0.542 0.538 0.531 0.537 0.545 0.542 0.544 0.533 0.522 0.509 0.499 0.501 0.491 0.480 0.476 0.471 0.470 0.463 0.455 0.454 0.442 0.435 0.429 0.422 0.420 0.410 0.403 0.388 0.370 0.355 0.350 0.360 0.384 0.382 0.378 0.361 0.330 0.320 0.308 0.296 0.275 0.267 0.271 0.275 0.272 0.264 0.260 0.259 0.255 0.244 0.235 0.213 0.203 0.175 0.164 0.172 0.178 0.179 0.171 0.163 0.137

clustering # labels:
[37 37  9 26 23  7 26  6 29 32  1 32  1  6  6 10  1  1 15 17  4 24 10  1
  1  1  7  1  1  1  7 23 10 21  6 13  3 26  1  6 35  6 12 20  1  7 23 12
  1 10  5  1 12  6 36 12 15 32 23 23 15  1 10 15  1 37  1 32  1 15 22  1
  1 10  8 20  8  8 23  1  5  4  6 23 17 37 10  1 12 17 20 37 12  8  1 26
  4 17  1 32 35 37 37 37  1 25  7 13  6 10 32  8 13 25 36  7  7 23 12 26
  6  1 37 10  3  0 34 26  1  3 10 35 15  6 15 32 23 33 36  7 37 26 32 37
 37 37 20 37 15 26 22 10 11 37  4 10  3  3 32 10 26  7 37  7  1  1  3 10
 12  7 37 26  7 25 32 32 37  6  7 26  7 10  7 10 35 12 18 17  1 17 10 32
 18 26 35 32 15  6 15 37  7 23  1 35  1 17  6  1 10  4 36 37 12 37 17 23
 26 10 29 26 10  3 36 37  3  3 37  1  6 25 20  1 35  7  7 15 15  4  1 22
 10 35 22 36 26  1  1 25  1  7  1 37 10 35  3  4 25 37 16 15 35 26 23 26
  8 20  7 20  7 17  5  1 15  3 15 12 12  6  1 37  3  1  3 12 10  1 18 26
 26 23 25  7 35  3 10 10 29 29  3 10 10 23 12  7 37  7 35 30 26 15 18 23
 20 23 17  3 35 37  1 37  7 26 23  1 10 13  2 26 33 35 10 26 33  1  1  1
 12 23  6 12 37  4  1  8  1 10  7 37  7  3  6  1  6 37  1 37 37 23 37 13
  4  1 10  7 25  1 32  6  3 37  1  1 10  3 10 32  5  1  7  1 37  1  7 29
 15 26 10  4  7  1 10 29 31  6  4 29 10 17 36  1 37 12 35  7 37 32  1  2
 10 37  6 23 32 15 10 18 35 19  1 37 35 23 23 37  1 32 35 35  7 15 35  6
 36 29 37  7 26 26 10 15 20 17 17 10 20 23 12 26 10  1 10 12  2 13  7 12
 35 32 37  1 28 18  1  6 10 25 17  7 10  7 15  8 35 15 12 23  1 17 15 35
 23  4  1 37  0 32 17 17 17 10  7 22 20 35 16 18 10 32 26 29  7 29 10 37
 29 15  7  5 37 29  1 35 23 23  1 23 17 29 32 15  7  1 12 26 15 17 12  3
  4 23 36  1  1 12 29 36 25 37 25  1 32  7 12 12  7 25 20  4 14  1 32 29
 35  6  1 12 32 25 26  1 15 37 37 37 35  7 15 35 12  1 35 23  3 12 35  3
 23  7 12  1  1  1 37  0 37 12  7 35  6 23  8  7 23 32  1 15 23 27 15 10
  1 32 10  6  4 10  7  1 37 15]

