0
0
0
0
0
0
0
0
13
2163
0
81
0
34
30
0
0
0
0
0
0
0
0
0
2
0
0
140
0
0
0
0
0
0
0
0
1
2
0
3
3
0
1
0
0
0
0
0
0
0
5
0
0
0
0
0
0
0
0
0
0
0
0
0
0
0
0
23
0
1
0
2
0
0
5
2
1
26
0
1
2
31
0
0
0
0
0
5
0
0
0
0
0
0
0
1539
85
0
0
0
0
0
0
0
0
0
204
0
0
16
0
0
0
0
0
4
0
5
0
49
0
0
2
0
2045
0
0
0
0
0
0
0
0
0
0
0
0
0
1
0
2
3
0
0
0
0
18
1
0
0
4
0
5
0
0
3
0
0
0
15191
3
0
0
0
0
5
0
0
0
0
0
0
0
0
0
0
0
0
0
0
1077
12
0
0
0
0
0
0
0
0
0
33
822
7
4
14
24
0
2
0
0
0
7925
0
0
23
0
0
0
103
0
0
0
0
0
0
0
13
0
0
0
0
0
0
0
0
0
0
0
31
0
0
0
0
4
2
8206
6
22
0
0
0
0
0
0
0
0
0
9
0
0
0
0
4
133
0
0
19
0
0
0
0
0
0
0
0
8
0
1
0
0
540
0
0
0
0
0
22
0
0
0
5
0
5
0
100
0
0
0
0
3
0
0
0
0
0
0
12
0
0
0
0
0
0
19
0
0
0
0
0
0
0
0
0
0
0
0
0
0
0
0
0
0
0
0
0
0
101
0
35
5
4
0
0
289
0
0
0
0
0
0
0
0
0
0
0
141
0
0
0
0
5
0
0
0
0
0
0
0
0
0
0
0
146
1
54
0
0
0
1
2
0
111
0
0
0
1
0
0
0
63
0
0
0
0
0
0
0
0
0
0
1
0
0
49
0
1
0
0
0
0
0
0
0
30
654
0
0
0
0
0
0
0
2
0
0
0
0
0
76
0
0
0
25
0
0
1
9545
0
0
0
0
0
0
36
0
156
0
0
0
0
0
0
0
0
0
0
0
0
0
0
859
0
0
0
2
0
0
36
0
0
0
0
0
5751
0
0
0
2
0
0
0
0
0
0
3
0
0
0
0
906
0
1
2464
0
1
0
2935
0
0
0
0
0
1
5
0
0
0
0
0
0
0
4
0
17
0
0
0
3
432
1
0
0
0
0
3
0
0
0
0
0
0
0
0
0
0
0
0
0
1656
0
0
0
9
0
103
31
0
1
0
0
0
0
7
0
0
0
1
0
0
0
0
3
0
37
16
0
0
0
0
0
0
168
95
0
0
0
45
0
24
0
2
0
0
1
0
0
0
0
0
0
0
1
2
14
0
0
0
0
0
0
0
9
0
0
0
77
0
133
0
0
0
0
0
0
0
0
0
0
0
0
0
0
0
9
0
0
0
0
0
0
10
789
0
0
0
0
0
0
0
0
1
0
0
0
0
31
0
0
2
0
0
0
28
3
0
8
0
0
0
0
0
10
0
51
0
15
2
0
0
0
0
0
0
0
0
0
0
0
0
0
0
730
0
0
0
0
34
0
0
0
0
0
0
0
0
0
0
287
0
221
0
0
0
0
0
0
7
0
2
15
0
1
0
0
19
0
0
0
3
1
439
0
0
0
0
0
1
0
0
0
0
5
0
0
0
0
0
0
0
0
0
0
1
0
0
0
0
0
0
0
0
0
17
0
0
0
0
0
0
0
0
0
0
0
0
5
0
0
0
0
0
0
7
1
0
36
0
0
0
0
0
0
0
0
0
0
0
0
0
0
0
0
0
0
1
0
0
0
0
0
0
0
64
0
0
0
0
0
0
0
0
0
157
0
0
0
1
0
0
0
0
0
2
0
0
0
0
0
0
20
0
0
0
0
0
0
34
0
0
0
9
0
0
0
0
0
0
0
0
8
0
0
0
297
20063
0
6783
0
0
2
0
13
0
0
3
25
0
0
0
0
0
0
0
0
0
0
379
0
0
0
0
209
0
0
0
0
1
0
0
0
0
1
0
0
0
0
0
0
0
0
0
0
0
0
0
0
0
0
32
0
3
1
18
36
0
6
0
0
0
97
0
0
0
0
0
0
0
1
0
1
0
0
0
0
0
5
5
0
0
2
0
0
1
0
0
0
0
0
0
0
0
0
7
0
0
0
7
0
0
0
0
0
0
0
0
0
0
347
0
0
2
0
0
0
0
0
0
0
0
5
0
0
2
0
1
0
0
19
1
0
0
107
0
0
0
0
0
0
0
0
0
0
0
0
0
0
0
0
0
