0
230
53
0
2
0
0
0
665
22608
211
6874
0
3512
1012
8
0
149
0
0
0
61
15
205
476
0
0
9040
0
81
7
1
0
1
0
12
46
55
0
657
76
0
240
0
0
0
0
0
0
3
217
0
1
0
4
1
0
0
1
0
0
252
4
34
1
1
4
1826
1428
34
5
60
0
1
456
42
46
430
6
71
1053
612
1
1
0
0
0
480
0
0
173
40
0
0
0
7072
4191
11
2
0
0
0
12
8
1
0
3990
0
0
1300
16
4
4
38
1
258
0
203
121
3235
0
2
73
13
31529
59
1
0
360
0
0
0
14
0
171
0
0
6
15
1
423
268
1
682
1
11
788
182
0
23
301
2
713
3
5
526
0
0
0
146095
67
1
1
1
15
304
9846
10
9
5
0
20
7
225
47
618
28
135
15
0
37801
894
109
0
0
11
0
0
0
171
5
2244
18167
5344
309
831
212
2
305
61
0
2
38669
529
0
2680
0
45
4
3661
0
3
0
0
1
8
0
9653
0
65
9
7
0
0
0
0
2
0
0
12377
0
12
0
0
495
129
70769
309
731
206
0
0
0
22
0
4
0
0
824
0
0
0
4
4501
831
13
0
479
0
13
86
0
153
0
0
0
232
7
71
0
0
5497
0
0
0
0
3
412
0
0
0
162
0
156
0
1397
0
0
0
237
30
0
0
0
0
0
0
282
56
228
173
0
1
195
821
0
0
0
0
0
1
20
1
0
0
6
9
2
28
0
0
6
0
2498
12
0
3
1219
2
486
68
26
0
60
3735
0
1
0
0
22
0
0
0
0
15
1
7192
0
0
0
0
162
0
0
0
201
11
0
298
0
11
0
313
15743
18
1216
21
22
0
18
35
2
13650
7
0
0
140
0
16
1
1154
0
6
0
0
4
0
22
0
0
0
127
0
0
598
0
477
0
2
0
1
1
0
0
3815
10075
11
0
1
50
17
0
0
199
1
9
17
0
0
2162
8
0
1
1100
33
0
224
80247
0
0
0
0
17
0
3078
3587
914
0
27
3
3
7
0
0
0
0
0
152
0
0
0
5751
0
1
0
3690
0
210
430
72
0
1
0
0
30000
0
6022
0
43
0
0
0
8
2
4
78
0
9
2
13
46632
39
93
16664
0
131
0
80029
0
777
4
0
140
11
101
2
0
0
0
0
0
0
272
0
297
189
6
0
261
9102
111
0
0
0
3
52
0
0
7
0
0
0
0
0
12
3
0
0
0
19168
12
0
0
194
0
1307
499
0
70
0
14
0
18
1314
28
1
10
752
2
34
1
34
56
0
2811
256
4421
0
0
595
0
0
4630
2398
101
1
0
707
8
349
0
242
0
0
131
58
0
0
12
0
0
2
1236
45
1145
0
132
9
0
0
0
0
800
531
0
0
1861
5
1009
0
1
0
0
95
0
1
0
0
0
8
74
1
2
0
208
0
0
0
93
0
0
946
10130
0
12
5
0
0
0
0
0
202
0
2
1
0
3504
9
23
71
0
35
0
543
10
0
172
1
0
1
357
0
1087
0
1550
0
346
1020
0
7
0
0
0
0
17
0
0
4
0
0
0
0
5714
0
3
13
0
2623
9712
0
0
0
11
0
98
0
0
0
3717
0
17498
0
16
0
158
1
517
475
0
39
544
1023
590
0
0
554
65
20
0
86
102
51673
0
8
0
0
0
21
7
0
2
0
290
21
0
0
160
2
8
0
0
1
0
46
0
0
0
0
1
13
0
0
0
1512
10
0
0
0
0
0
0
0
0
0
0
0
174
0
0
6976
37
0
3
1545
109
6
509
18
0
0
151
11
0
1
170
0
0
0
2
0
129
0
0
538
0
79
0
0
6
2
0
0
0
1207
0
12
0
2
0
0
0
48
0
22124
0
0
0
166
237
0
18
0
1
106
0
0
0
0
0
3
623
0
0
122
0
0
0
1492
0
8
0
607
0
1
2
0
8
1
0
5
99
0
0
0
5666
117190
0
33895
2
0
225
0
119
0
20
166
2519
0
0
0
7
55
0
0
306
11
0
3022
26
0
14
0
2390
7
0
1
0
36
16
0
15
16
1612
0
0
0
1
7
0
1
19
0
0
9
551
102
0
0
35
943
0
366
62
3875
658
0
104
0
0
1
2563
77
27
1
0
0
0
12
76
0
8
59
0
0
0
0
69
132
0
0
157
0
0
68
104
0
0
0
0
0
1074
0
0
1878
0
9
0
307
0
0
73
23
0
0
0
0
67
0
1766
1
0
555
0
46
39
0
0
0
0
38
314
0
28
32
1
221
0
0
336
27
548
0
8294
155
22
0
0
0
4
0
0
0
0
0
0
7
0
0
0
0
