0
29
17
0
0
0
0
0
199
12033
37
2474
0
1100
437
0
0
4
0
0
0
15
8
10
94
0
0
3037
0
11
0
0
0
0
0
1
12
19
0
174
25
0
32
0
0
0
0
0
0
1
62
0
0
0
0
0
0
0
1
0
0
66
2
5
0
1
1
901
213
12
1
25
0
0
122
15
16
170
1
21
255
259
0
0
0
0
0
108
0
0
32
0
0
0
0
4448
1584
0
0
0
0
0
1
2
0
0
1751
0
0
525
4
1
0
4
0
91
0
66
29
1047
0
0
23
1
14407
14
0
0
42
0
0
0
6
0
26
0
0
1
6
0
88
90
0
116
0
0
266
42
0
5
110
0
202
0
1
201
0
0
0
83452
31
0
0
0
4
66
319
0
0
0
0
3
3
25
19
107
5
9
3
0
15908
288
17
0
0
1
0
0
0
18
3
1020
9073
1434
96
239
113
0
74
1
0
0
23785
15
0
866
0
12
2
1603
0
0
0
0
0
0
0
2246
0
13
4
2
0
0
0
0
0
0
0
3297
0
0
0
0
130
38
39157
113
283
4
0
0
0
4
0
0
0
0
283
0
0
0
0
1095
457
0
0
191
0
0
13
0
26
0
0
0
88
0
30
0
0
3000
0
0
0
0
0
195
0
0
0
66
0
65
0
684
0
0
0
55
13
0
0
0
0
0
0
112
15
24
40
0
0
5
397
0
0
0
0
0
0
0
0
0
0
3
1
1
2
0
0
1
0
273
0
0
1
589
0
245
25
15
0
15
1681
0
0
0
0
6
0
0
0
0
2
0
2386
0
0
0
0
57
0
0
0
31
5
0
33
0
5
0
43
6055
8
467
7
7
0
6
10
1
5002
3
0
0
58
0
4
0
435
0
0
0
0
1
0
3
0
0
0
27
0
0
322
0
149
0
0
0
0
0
0
0
978
4505
6
0
0
10
6
0
0
35
0
3
8
0
0
844
0
0
0
341
4
0
22
45308
0
0
0
0
4
0
890
535
517
0
7
0
0
0
0
0
0
0
0
40
0
0
0
3584
0
1
0
604
0
13
200
10
0
0
0
0
17939
0
1051
0
24
0
0
0
1
0
2
43
0
4
0
4
16433
7
30
9759
0
23
0
35970
0
34
1
0
44
5
34
1
0
0
0
0
0
0
97
0
115
25
2
0
81
3720
30
0
0
0
1
20
0
0
2
0
0
0
0
0
2
0
0
0
0
9154
1
0
0
91
0
641
251
0
17
0
6
0
1
477
6
0
2
187
0
10
0
4
19
0
815
128
330
0
0
103
0
0
1485
876
8
0
0
322
0
146
0
65
0
0
44
0
0
0
0
0
0
0
269
22
395
0
22
1
0
0
0
0
299
77
0
0
786
1
555
0
0
0
0
15
0
0
0
0
0
2
11
0
0
0
88
0
0
0
7
0
0
221
5233
0
1
0
0
0
0
0
0
37
0
0
0
0
1158
3
7
27
0
11
0
245
6
0
90
1
0
0
47
0
265
0
569
0
122
205
0
1
0
0
0
0
2
0
0
3
0
0
0
0
3125
0
0
4
0
903
129
0
0
0
2
0
20
0
0
0
1614
0
5172
0
6
0
5
0
137
171
0
10
196
114
149
0
0
207
16
5
0
34
45
16068
0
2
0
0
0
8
1
0
0
0
120
9
0
0
12
0
0
0
0
0
0
24
0
0
0
0
0
5
0
0
0
471
1
0
0
0
0
0
0
0
0
0
0
0
64
0
0
1621
13
0
0
413
34
0
234
5
0
0
45
2
0
1
50
0
0
0
1
0
30
0
0
129
0
25
0
0
0
1
0
0
0
578
0
2
0
0
0
0
0
16
0
7987
0
0
0
41
96
0
4
0
0
31
0
0
0
0
0
0
255
0
0
35
0
0
0
752
0
0
0
167
0
0
1
0
2
0
0
0
44
0
0
0
2371
69274
0
20893
1
0
93
0
62
0
2
60
881
0
0
0
2
7
0
0
50
1
0
1683
6
0
10
0
1310
0
0
0
0
17
2
0
5
2
310
0
0
0
0
1
0
0
2
0
0
2
24
32
0
0
12
366
0
102
24
1044
282
0
43
0
0
0
1200
10
13
0
0
0
0
2
16
0
3
13
0
0
0
0
33
55
0
0
68
0
0
20
27
0
0
0
0
0
25
0
0
439
0
2
0
113
0
0
7
8
0
0
0
0
27
0
1058
0
0
152
0
20
16
0
0
0
0
10
114
0
7
14
1
35
0
0
137
17
54
0
2609
0
4
0
0
0
0
0
0
0
0
0
0
0
0
0
0
0
