0
0
3
0
0
0
0
0
40
4820
1
431
0
182
96
0
0
0
0
0
0
5
0
1
11
0
0
534
0
0
0
0
0
0
0
0
3
4
0
30
9
0
4
0
0
0
0
0
0
0
10
0
0
0
0
0
0
0
0
0
0
8
0
1
0
0
0
261
3
3
0
9
0
0
18
3
2
52
0
3
19
74
0
0
0
0
0
17
0
0
0
0
0
0
0
2472
342
0
0
0
0
0
0
0
0
0
550
0
0
116
0
0
0
0
0
18
0
24
3
207
0
0
4
0
5028
0
0
0
1
0
0
0
1
0
1
0
0
0
1
0
8
16
0
3
0
0
58
6
0
0
20
0
22
0
0
39
0
0
0
29813
6
0
0
0
0
8
0
0
0
0
0
0
1
1
2
6
0
0
1
0
3884
54
0
0
0
0
0
0
0
2
0
214
2597
126
17
48
53
0
8
0
0
0
12680
0
0
137
0
4
0
388
0
0
0
0
0
0
0
131
0
1
1
0
0
0
0
0
0
0
0
305
0
0
0
0
24
5
15847
25
77
0
0
0
0
1
0
0
0
0
56
0
0
0
0
90
229
0
0
55
0
0
0
0
0
0
0
0
20
0
5
0
0
1224
0
0
0
0
0
75
0
0
0
22
0
22
0
229
0
0
0
1
7
0
0
0
0
0
0
38
0
0
5
0
0
0
110
0
0
0
0
0
0
0
0
0
0
0
0
0
0
0
0
0
0
3
0
0
0
218
0
87
10
5
0
1
617
0
0
0
0
0
0
0
0
0
0
0
554
0
0
0
0
11
0
0
0
2
2
0
0
0
0
0
1
1217
2
134
0
1
0
2
3
0
800
0
0
0
15
0
0
0
149
0
0
0
0
1
0
0
0
0
0
2
0
0
100
0
12
0
0
0
0
0
0
0
154
1536
2
0
0
0
1
0
0
4
0
0
0
0
0
200
0
0
0
74
0
0
2
19678
0
0
0
0
1
0
150
16
242
0
0
0
0
0
0
0
0
0
0
4
0
0
0
1731
0
0
0
26
0
2
71
0
0
0
0
0
9320
0
36
0
11
0
0
0
0
0
0
10
0
0
0
1
2633
1
3
4553
0
4
0
9432
0
0
0
0
5
2
13
0
0
0
0
0
0
0
17
0
42
2
0
0
20
1111
2
0
0
0
0
7
0
0
0
0
0
0
0
0
1
0
0
0
0
3525
0
0
0
32
0
226
89
0
7
0
1
0
0
64
1
0
0
9
0
1
0
1
8
0
121
48
4
0
0
0
0
0
423
250
0
0
0
117
0
46
0
21
0
0
9
0
0
0
0
0
0
0
7
3
80
0
0
0
0
0
0
0
54
4
0
0
232
0
259
0
0
0
0
1
0
0
0
0
0
1
0
0
0
0
25
0
0
0
0
0
0
33
1978
0
0
0
0
0
0
0
0
3
0
0
0
0
213
0
1
4
0
3
0
85
4
0
26
1
0
0
5
0
47
0
146
0
39
11
0
0
0
0
0
0
0
0
0
1
0
0
0
0
1414
0
0
1
0
177
0
0
0
0
0
0
1
0
0
0
559
0
950
0
1
0
0
0
7
36
0
6
47
2
12
0
0
48
1
0
0
11
14
2178
0
0
0
0
0
2
0
0
0
0
29
1
0
0
1
0
0
0
0
0
0
5
0
0
0
0
0
1
0
0
0
78
0
0
0
0
0
0
0
0
0
0
0
0
16
0
0
48
2
0
0
52
11
0
76
0
0
0
6
0
0
0
2
0
0
0
0
0
3
0
0
5
0
5
0
0
0
0
0
0
0
195
0
1
0
0
0
0
0
1
0
1196
0
0
0
7
11
0
1
0
0
3
0
0
0
0
0
0
69
0
0
4
0
0
0
127
0
0
0
29
0
0
0
0
0
0
0
0
14
0
0
0
749
33266
0
10915
0
0
22
0
28
0
0
15
159
0
0
0
0
0
0
0
2
0
0
740
1
0
5
0
504
0
0
0
0
4
0
0
1
0
12
0
0
0
0
0
0
0
0
0
0
0
0
1
0
0
2
99
0
14
4
123
93
0
13
0
0
0
364
0
6
0
0
0
0
0
2
0
1
1
0
0
0
0
13
14
0
0
10
0
0
5
2
0
0
0
0
0
0
0
0
37
0
0
0
27
0
0
0
2
0
0
0
0
3
0
562
0
0
16
0
6
0
0
0
0
0
0
30
0
0
5
0
4
0
0
47
7
1
0
499
0
0
0
0
0
0
0
0
0
0
0
0
0
0
0
0
0
