0
5
0
0
0
0
0
0
0
0
0
0
0
0
0
0
0
0
56
0
0
0
0
0
0
0
0
0
0
0
0
0
0
0
0
0
0
0
0
0
0
0
0
0
0
0
0
0
0
0
0
0
0
0
0
0
0
0
0
0
0
0
0
0
0
0
0
0
0
0
0
0
0
0
0
0
0
0
0
0
0
0
0
0
0
0
0
0
0
0
0
0
0
0
0
0
0
0
0
0
18
0
0
1575
0
0
0
0
0
0
0
0
0
0
0
0
0
0
0
0
0
0
0
0
0
0
0
0
0
0
0
0
0
0
0
0
0
0
0
114
0
0
0
0
0
0
0
0
0
0
0
0
0
0
6
0
0
0
0
0
0
0
0
0
0
0
0
0
0
0
0
0
0
0
0
0
0
0
0
0
0
0
0
1
108
2
0
0
0
0
0
0
0
0
0
0
0
0
0
0
0
0
0
0
0
2
0
0
0
0
0
3
0
0
0
0
0
0
3
0
1
0
0
0
0
0
14
0
0
0
0
0
0
0
0
0
0
0
0
0
0
0
0
0
0
0
0
0
0
0
0
0
8
0
0
0
0
0
0
0
0
50
0
0
0
0
0
0
3
452
4
0
0
0
0
0
0
0
1
0
0
0
0
0
0
0
8
0
0
0
0
19
0
0
0
0
0
0
0
0
0
0
0
0
0
0
0
0
0
6
0
0
0
65
0
0
0
0
0
0
0
0
5
0
82
1
0
0
0
0
0
0
33
0
0
0
0
0
0
0
1
0
0
117
0
1
0
0
0
0
0
37
0
0
0
0
21
0
0
0
0
0
22
0
0
0
0
0
0
0
0
0
0
9
0
0
0
0
0
2
138
0
0
0
7
0
0
1494
0
0
0
0
0
0
0
8
0
699
712
21
0
8
188
0
4
0
0
0
0
0
1
0
0
0
0
43
0
1494
0
0
0
0
13
12
0
0
2
0
21
0
0
0
0
0
0
0
0
5
0
0
1
0
0
0
0
0
0
16
27
44
0
0
0
44
0
3
0
0
0
0
0
16
0
0
0
7
1
0
0
0
22
0
4770
0
0
0
0
0
0
4852
0
0
0
0
1
0
0
0
1
1
0
0
0
0
0
10
0
4
0
0
0
0
8
0
0
0
1
3
1344
74578
737
3596
18
0
2
0
0
0
0
0
2
0
4
0
200
0
0
0
0
2
0
170
0
0
0
274
0
117
0
0
0
0
0
1
0
0
0
13
0
0
0
0
0
0
36
0
47
0
23
85
0
0
746
35366
0
11
0
0
0
0
92
0
0
0
0
0
426
0
0
0
0
0
0
0
0
0
0
2
0
29
0
1
0
2430
472
3
0
0
0
0
1662
1
0
0
0
0
0
185
0
0
0
0
20
0
0
0
0
0
0
0
0
0
0
0
0
1
0
0
0
0
0
0
0
0
0
0
0
0
200
0
0
0
1
0
0
0
0
0
0
0
32
0
0
0
0
0
0
0
0
0
0
250
0
0
0
0
0
0
0
0
0
0
0
0
16
0
0
0
0
0
0
0
0
0
0
0
0
0
5
0
63
63
274
0
0
0
0
0
0
0
4
0
0
0
0
3337
0
0
0
17
0
0
0
0
0
0
0
0
0
0
0
0
0
0
0
6649
0
8
0
0
31
9465
0
0
790
0
0
0
0
9702
0
0
0
6
0
4715
0
1
0
0
335
0
0
0
0
0
0
0
0
0
0
0
103
0
0
0
11
0
0
0
0
0
723
0
0
0
0
0
0
0
0
0
0
0
0
0
0
0
0
0
78
0
0
0
0
191
0
0
0
0
0
0
0
0
0
0
0
344
0
0
0
0
0
0
0
0
0
2
0
0
68270
0
0
0
0
0
4029
0
0
0
0
0
0
0
4
0
0
0
0
0
0
0
0
1085
29435
0
0
63
0
0
0
0
0
0
0
0
0
846
0
0
0
0
143
0
0
0
0
0
0
0
0
0
0
0
0
0
9
0
0
0
0
0
0
0
0
0
0
0
18
0
0
0
0
0
0
0
0
0
0
0
0
0
9509
0
0
0
0
0
0
0
0
0
0
0
0
0
203
0
0
0
0
0
2
0
0
0
0
0
1
293
0
0
0
0
0
0
0
0
2084
0
0
0
0
0
0
9
216
0
0
0
0
0
0
4
0
0
0
0
0
0
0
0
0
0
0
0
0
0
0
0
0
0
0
0
0
0
0
0
0
0
0
0
0
0
0
0
0
0
0
0
0
0
0
0
0
0
0
0
0
4031
