0
23
0
0
0
0
0
0
0
0
0
0
0
0
0
0
0
0
837
0
0
0
4
0
3
0
0
0
0
0
0
0
0
1
0
0
0
0
0
0
0
0
2
0
0
0
2
30
0
4
0
0
0
0
0
0
0
0
3
0
0
0
0
0
0
0
0
0
0
0
0
0
0
0
0
0
0
0
0
0
0
0
0
0
0
0
0
0
0
0
0
0
0
0
0
0
0
0
0
0
54
0
0
4667
0
0
0
0
0
0
0
0
0
0
0
0
0
0
0
0
0
0
0
0
0
0
0
0
0
0
0
0
0
0
0
0
0
0
0
710
0
0
0
0
0
9
0
0
0
0
0
0
0
0
195
0
0
4
0
0
0
0
0
0
0
0
0
0
0
0
0
0
0
0
0
0
0
0
0
1
0
0
0
74
1063
28
0
0
0
0
0
0
0
0
0
0
0
0
0
0
0
0
0
0
0
12
1
0
0
0
0
24
0
0
8
0
0
0
134
0
9
0
0
0
0
0
75
0
0
0
3
0
0
0
0
0
0
0
0
0
0
0
0
0
0
0
11
0
0
0
0
0
99
0
0
0
0
0
0
0
0
162
0
48
10
0
0
0
66
1298
88
475
0
0
0
0
0
0
12
0
0
0
0
0
0
0
39
0
0
0
0
148
5
0
0
0
0
0
0
0
0
0
0
0
0
0
0
0
0
23
0
0
0
248
0
0
0
0
1
0
0
0
16
1
308
9
0
0
0
0
0
0
308
0
0
0
0
0
0
0
23
5
0
531
0
60
0
0
0
0
1
75
0
0
0
11
78
0
0
16
0
0
180
0
0
0
0
0
0
0
2
0
0
52
0
0
6
0
2
120
389
0
0
0
42
0
5
2681
0
0
0
0
0
0
0
40
0
2641
2109
84
0
22
3041
0
35
0
0
6
2
0
75
0
0
7
0
175
0
3774
0
0
0
0
81
68
0
0
10
0
60
0
0
0
0
0
0
0
0
59
0
0
8
0
0
0
0
0
0
126
227
253
1
0
0
182
0
121
0
3
0
0
0
121
1
0
0
32
1
0
0
0
215
0
9380
1
0
0
0
13
0
23430
0
0
0
0
9
0
0
0
22
7
0
0
34
0
0
41
0
29
0
0
0
0
147
0
0
0
2
53
4919
153114
2599
7764
305
0
18
0
0
0
0
2
43
0
20
9
564
0
0
0
0
12
0
843
0
0
0
14558
0
221
0
0
0
0
0
30085
0
35
3
1692
142
0
0
0
0
0
110
0
214
0
153
521
0
0
3477
60115
0
22
0
0
0
0
611
0
18
0
0
0
2147
0
0
0
0
0
0
0
0
0
0
7
0
111
0
11
0
4017
1188
39
0
2
0
0
5175
24
0
0
0
0
0
358
0
0
6
0
294
0
0
0
39
10
0
0
0
0
0
0
0
31
0
0
0
0
0
12
0
0
5
0
0
0
362
0
13
0
2090
0
0
0
0
0
1
0
256
0
0
0
0
0
0
0
0
0
0
1022
0
0
0
0
0
5
0
0
0
0
0
1
557
3
3
109
0
0
0
0
0
1
0
0
0
0
62
0
658
658
903
57
0
0
0
0
4
0
97
0
0
2
0
5630
1
0
0
774
0
0
0
0
0
0
0
0
0
0
0
0
23
0
0
10275
0
58
0
0
85
16615
14
2
4462
0
0
0
0
20081
0
0
0
3683
0
9686
0
64
0
0
2213
9840
0
0
0
0
0
0
0
0
0
0
605
0
0
0
38
0
4
0
0
0
1531
0
0
0
0
0
0
0
0
0
0
5
0
0
0
0
0
0
195
0
1
0
0
538
0
0
0
0
0
0
0
0
0
0
0
2522
0
0
0
0
0
0
0
0
1
209
0
0
93334
0
0
0
0
7
39736
0
0
0
0
0
0
0
8
0
2
0
0
0
0
0
0
13646
139154
0
0
350
0
0
0
0
0
0
0
0
0
3718
0
0
0
0
1925
0
0
0
0
0
0
0
0
0
0
0
0
5
63
0
0
0
0
0
0
0
0
0
0
0
468
0
0
0
0
0
0
0
0
0
0
0
0
0
20931
0
0
0
0
0
0
0
0
0
0
0
0
0
1556
0
0
0
0
0
367
0
0
0
0
0
11
34161
0
0
0
0
0
24
0
0
7437
0
0
0
0
0
0
16983
439
0
0
0
0
0
0
109
0
0
0
0
0
0
0
0
0
0
0
0
0
0
0
0
0
0
0
0
0
0
0
0
0
0
0
0
0
0
0
0
0
0
0
0
0
0
0
0
0
0
0
0
0
22471
