0
1642
179
0
8
0
0
2
1834
41363
1053
16481
0
10643
2182
93
0
2084
0
0
2
188
60
2492
2019
0
0
25250
0
757
77
9
1
3
0
56
160
163
0
2126
209
1
1453
0
0
0
0
10
0
12
1104
0
11
1
99
9
0
0
6
2
3
868
8
150
1
6
17
3332
5545
119
19
139
16
1
1603
120
190
951
14
211
3913
1324
12
16
0
2
2
1772
1
0
887
256
0
0
0
11217
10367
93
131
0
1
0
78
30
12
0
8351
0
0
2643
66
30
139
191
15
655
0
634
485
8113
0
34
230
75
68357
220
1
1
1541
0
4
0
58
5
961
0
0
33
42
5
1379
783
3
3274
9
79
2191
914
0
98
864
10
2294
26
24
1370
0
0
1
231549
147
2
6
1
36
927
58518
245
413
20
0
73
12
1239
134
2642
238
772
57
0
78396
2425
609
1
0
56
3
0
0
911
30
4516
32849
15264
902
3116
433
16
1253
619
2
11
63966
4507
0
6071
18
132
21
7983
0
11
1
0
3
129
0
28308
30
373
31
14
0
0
0
1
9
0
0
35921
0
199
6
0
1970
591
121100
1027
1640
1464
0
0
0
150
1
20
0
0
2361
0
2
1
92
16791
1463
211
3
1259
0
204
392
3
922
4
0
1
581
20
170
0
6
10435
0
0
0
0
10
847
0
0
0
375
0
344
0
2732
0
0
0
1005
62
0
0
0
7
2
0
753
178
1594
792
0
3
1636
1542
0
0
0
0
4
11
466
6
0
0
26
184
9
210
0
0
23
0
13488
73
0
14
2854
8
997
162
55
0
200
8330
1
8
0
0
63
0
0
0
0
110
5
19383
0
0
0
0
452
1
0
0
1025
18
0
1051
10
80
0
1435
33718
67
3241
42
78
0
56
84
2
31811
29
0
0
276
0
48
1
3012
0
18
6
0
9
7
148
6
0
0
390
0
0
1207
0
1519
0
16
0
17
5
0
0
12383
22742
27
0
181
270
73
0
0
658
5
28
62
3
0
5278
326
0
3
3518
153
0
1052
135472
0
4
0
0
53
1
9348
14142
1684
7
82
108
8
113
3
2
6
0
0
539
0
23
2
9367
0
4
2
13230
0
1093
860
360
0
2
0
0
50595
0
20443
0
97
2
0
1
71
8
11
136
2
19
12
38
111093
103
323
28501
0
660
0
146729
0
6223
33
0
466
51
257
9
0
0
0
5
0
0
727
0
626
761
47
0
713
23160
351
0
1
0
9
142
0
0
23
0
0
0
0
0
53
14
0
0
3
38985
51
0
0
349
0
2579
1056
0
244
0
40
0
487
3122
176
4
21
2343
23
192
3
137
149
42
8529
572
25780
0
0
1720
0
0
16018
6420
636
17
0
1571
30
882
0
856
0
1
374
6000
0
0
78
0
2
12
3257
117
2888
0
722
30
0
0
0
0
1947
2478
0
0
4226
12
1896
3
8
0
0
373
0
19
0
0
0
28
311
2
17
0
439
0
0
0
557
1
0
3767
18803
0
90
91
1
0
0
0
1
839
0
11
4
3
9793
50
71
228
0
134
0
1209
24
0
310
2
3
10
1666
0
3785
0
3941
0
1126
3653
3
61
0
0
0
0
55
0
0
15
0
0
0
0
9881
2
25
46
3
6852
44747
0
16
0
49
0
396
0
6
0
8705
5
50114
0
55
0
1633
25
1527
1396
0
160
1448
3320
1645
2
0
1455
147
114
0
173
242
119871
13
76
1
0
0
62
44
0
10
0
651
42
0
0
1806
10
24
0
0
7
0
134
1
0
0
1
3
38
0
0
0
4522
51
0
0
2
0
1
0
0
0
0
0
6
418
0
0
19932
137
0
13
5119
304
72
1086
64
0
0
464
60
0
7
606
0
3
0
4
0
463
0
0
1602
0
389
10
0
71
10
0
0
0
2302
0
50
0
18
0
2
0
139
0
50242
0
0
0
575
607
2
40
0
9
353
0
0
0
0
0
11
1410
0
3
397
2
0
0
2585
0
21
0
1974
0
1
47
0
52
6
1
21
255
0
7
0
13224
185325
0
54077
5
0
558
1
242
0
113
529
6322
0
0
0
11
253
0
0
1140
92
0
5506
97
0
39
3
3827
36
0
1
0
77
83
0
54
46
4000
0
0
0
5
26
0
7
114
0
0
40
5820
243
0
0
73
2259
0
1217
149
12380
1446
0
262
0
0
1
4826
450
57
9
0
0
0
56
283
0
27
185
0
0
0
0
160
314
0
0
354
0
0
188
390
0
0
5
0
0
6331
0
0
6498
1
34
0
679
0
3
302
73
0
0
1
7
168
0
3002
23
0
1785
0
73
124
0
0
0
0
131
816
0
109
161
1
921
0
0
777
77
3363
0
22513
5425
85
0
0
0
11
0
0
0
0
1
0
99
0
0
0
0
