23
96
6
5
323
83
365
10
17
27
38
9
3
0
59
17
0
778
0
709
0
1
2134
8
0
2
2
0
0
20
8
2
0
0
0
309
1
0
85
15
0
1
9
17
0
56
0
0
39
1
322
334
22
657
44
303
0
0
0
2
0
0
0
0
133
0
255
2667
0
1178
2
0
1381
530
0
0
949
0
10
0
0
2
11
0
0
15
1300
1537
648
0
0
19
59
3
0
0
48
35
1
4736
0
31
4
286
6317
1793
0
0
0
183
3
18
14
36
5
27
14
91
2
499
0
0
84
42
58
1518
114
136
2
0
8
16
11
85
4115
35
58
0
432
567
130
761
3388
0
0
22
0
125
1
4
316
2494
0
0
51167
236
0
0
46
0
79
7
207
17
676
56
0
0
0
0
0
9
1831
348505
0
0
5034
0
1078
5
1126
1526
6783
45
0
7
0
0
35
303
17
0
0
237
0
0
0
554
8
0
0
1
0
0
21
268
1589
383
167
1
4146
0
12
19
0
0
0
0
0
0
0
0
430
0
484
1
302
30
0
0
0
0
9
0
8
123
321
15
12
440
4
13
1032
35
146
1281
11
35
104
26
0
22
3741
6
0
461
2
223
27
0
0
2
2761
38
0
0
0
0
3714
1268
1132
7464
22
0
3
0
0
3
749
117
0
61
0
0
0
2
20
1703
364
2258
0
2
0
766
232
376
0
0
6
0
0
0
0
169331
0
3
0
0
0
147
1
1502
266
1515
0
300
17409
35
118
0
1624
11
0
0
0
0
0
0
712
53
0
1
0
0
43
1
13
8
0
64
36
2
0
1
1
0
0
59
5273
109
16
0
178
4
0
0
5
0
0
44
0
0
2910
23
0
8
0
37
1183
491
1
11
35
185
6040
292
2
8
1
0
59
65
833
0
0
0
0
0
44
11013
0
1
10
461
1370
7
590
924
3
1
8
96
39
11
3
0
1558
552
21136
0
1
0
0
0
0
0
0
0
0
0
0
0
8
0
11
5
0
3
9687
0
1
96
7380
1
0
148
6
48
27
3005
1695
0
0
167
2332
54
25
2
7
16
73
2891
59
4
12
9
0
0
11
25
0
0
8
0
25
4
645
10
1
2
471
705
14
322
10
0
826
2
26
390
2
44317
100
2
0
10037
21
2342
1955
257
0
0
0
0
6
52
526
4
11
0
0
52
661
0
8
3366
0
0
0
50
0
624
0
554
4
256
10
0
20
39
2
102
32
14
48
262
7
0
2
2
71
20
32
0
63
18
89
2
31
85
5
5
0
0
11
33
1
55611
2
0
2560
3
0
110
4128
7
45
1
0
6
0
0
12
146
178
3
189
0
0
21
0
1307
7647
1012
1
651
40
0
4675
92
0
1
0
156
0
1071
3427
977
118
39948
449
0
19
0
456
1209
0
0
0
41098
0
12
217
43357
0
5
150
0
11
601
1104
0
49307
0
997
8
1
258
777
1
0
355
80
77
2
7
13
1
0
12
900
8
2
3
11
1523
0
253
0
25
16
0
27
2
3
0
0
0
299
2
9
13
0
185
0
0
1
0
133
750
214
1
0
0
0
274
0
0
13
1246
242
4
0
171
0
246
0
3
9
4
0
0
0
0
0
0
0
1
0
5
0
1
0
108
1
23
0
490
0
1641
6961
590
6
43
22
17
116
73
1
3
0
32
54
0
90
152
0
2
149
0
0
7
13
2
0
55
0
39
24
133
39
1
327
4899
6765
5298
37
0
2
0
742
0
85
0
0
240
304
16
0
471
48
1963
4
1984
0
166
16
0
0
0
0
2
0
9965
2
0
29
2765
365
83
0
0
1
0
2
0
250753
1
2
17
7
0
74
0
514
99
8392
0
4
0
0
0
1
9
19
0
0
2
0
0
3
3428
0
14
0
0
2307
358
0
0
18
4
2509
0
249
5
0
4
37
0
65
0
20
0
847
17
0
0
17
96
28
0
14
238
25
0
15
512
31
0
991
0
0
111
782
4867
4726
225
9
14
0
0
0
0
287
2
0
0
0
1147
143
0
0
0
54
45
0
3735
1
0
0
804
0
3
4662
0
0
0
0
5
84
28313
101900
0
606
0
7
9
653
0
899
7
0
0
71
0
232
28594
2
62
23
1235
14
8
0
0
3
3
90
19
14
42
0
109
3
64
4
90
30
331
0
10
1125
1995
0
283
64
283
0
204
121
5
0
0
3
0
0
5
24
0
0
0
434
259
1
2
0
0
0
286
62
6
9
3
0
19
3068
0
1
55
325
0
6
126
0
956
4
3
0
0
32278
2188
12490
122
0
1
46
0
193944
221
2845
7
0
0
0
5972
0
0
13
7374
0
163798
21
1
6
112
223
5772
16
27
